Preprocessing: 0.0033233165740966797
Training: 7844.234798669815
Generation: 0.10749149322509766
