Preprocessing: 0.00042176246643066406
Training: 67.35468530654907
Generation: 0.05199384689331055
