Preprocessing: 0.0038390159606933594
Training: 1290.5879666805267
Generation: 12.282903909683228
