Preprocessing: 0.00016951560974121094
Training: 17.674226999282837
Generation: 11.702486753463745
