Preprocessing: 0.0026264190673828125
Training: 7314.197039365768
Generation: 171.53932547569275
