Preprocessing: 0.00032067298889160156
Training: 470.52834033966064
Generation: 169.5254988670349
