Preprocessing: 0.0031900405883789062
Training: 1171.1758823394775
Generation: 68.1924614906311
