Preprocessing: 0.003991842269897461
Training: 1426.4223630428314
Generation: 78.99414849281311
