Preprocessing: 0.0003197193145751953
Training: 88.63549184799194
Generation: 68.31452059745789
