Preprocessing: 0.002933502197265625
Training: 12935.813432693481
Generation: 18.396490335464478
