Preprocessing: 0.0006918907165527344
Training: 190.7229483127594
Generation: 13.669469118118286
